% -------------------------------------------------------------------
%  Generated by MATLAB on 10-Nov-2020 07:46:02
%  MATLAB version: 9.0.0.341360 (R2016a)
% -------------------------------------------------------------------
                                 

Ans = 'hello world';

